dim 170 170 170
PutBox 14 161 0 1 36 156 0.5 0.9 0.5 0.7
PutBox 51 96 0 1 51 60 0.0 0.6 0.0 0.31
PutBox 51 96 0 1 69 78 0.0 0.6 0.0 0.31
PutBox 51 96 0 1 87 96 0.0 0.6 0.0 0.31
PutBox 51 96 0 1 105 114 0.0 0.6 0.0 0.31
PutBox 51 96 0 1 123 132 0.0 0.6 0.0 0.31
PutBox 51 96 0 1 60 69 0.0 0.5 0.0 0.25
PutBox 51 96 0 1 78 87 0.0 0.5 0.0 0.25
PutBox 51 96 0 1 96 105 0.0 0.5 0.0 0.25
PutBox 51 96 0 1 114 123 0.0 0.5 0.0 0.25
PutBox 51 96 0 1 132 141 0.0 0.5 0.0 0.25
PutBox 51 96 0 1 96 97 1.0 1.0 1.0 1.0  
PutBox 68 79 0 1 87 88 1.0 1.0 1.0 1.0 
PutBox 68 79 0 1 104 105 1.0 1.0 1.0 1.0    
PutBox 67 68 0 1 88 89 1.0 1.0 1.0 1.0   
PutBox 66 67 0 1 89 90 1.0 1.0 1.0 1.0  
PutBox 65 66 0 1 90 91 1.0 1.0 1.0 1.0      
PutBox 79 80 0 1 88 89 1.0 1.0 1.0 1.0     
PutBox 80 81 0 1 89 90 1.0 1.0 1.0 1.0     
PutBox 81 82 0 1 90 91 1.0 1.0 1.0 1.0     
PutBox 67 68 0 1 103 104 1.0 1.0 1.0 1.0     
PutBox 66 67 0 1 102 103 1.0 1.0 1.0 1.0    
PutBox 65 66 0 1 101 102 1.0 1.0 1.0 1.0    
PutBox 79 80 0 1 103 104 1.0 1.0 1.0 1.0     
PutBox 80 81 0 1 102 103 1.0 1.0 1.0 1.0 
PutBox 81 82 0 1 101 102 1.0 1.0 1.0 1.0    
PutBox 64 65 0 1 91 101 1.0 1.0 1.0 1.0 
PutBox 82 83 0 1 91 101 1.0 1.0 1.0 1.0  
PutBox 66 81 0 1 59 60 1.0 1.0 1.0 1.0   
PutBox 66 81 0 1 132 133 1.0 1.0 1.0 1.0
PutBox 66 67 0 1 51 60 1.0 1.0 1.0 1.0
PutBox 81 82 0 1 51 60 1.0 1.0 1.0 1.0
PutBox 66 67 0 1 132 141 1.0 1.0 1.0 1.0
PutBox 81 82 0 1 132 141 1.0 1.0 1.0 1.0  
PutBox 70 77 0 1 136 137 1.0 1.0 1.0 1.0   
PutBox 70 77 0 1 55 56 1.0 1.0 1.0 1.0
PutBox 70 71 0 1 51 56 1.0 1.0 1.0 1.0
PutBox 77 78 0 1 51 56 1.0 1.0 1.0 1.0
PutBox 70 71 0 1 136 141 1.0 1.0 1.0 1.0
PutBox 77 78 0 1 136 141 1.0 1.0 1.0 1.0   
PutBox 70 71 1 3 51 52 1.0 1.0 1.0 1.0 
PutBox 77 78 1 3 51 52 1.0 1.0 1.0 1.0
PutBox 70 71 1 3 140 141 1.0 1.0 1.0 1.0
PutBox 77 78 1 3 140 141 1.0 1.0 1.0 1.0
PutBox 70 78 3 4 51 52 1.0 1.0 1.0 1.0
PutBox 70 78 3 4 140 141 1.0 1.0 1.0 1.0
PutBox 49 50 0 3 76 105 1.0 1.0 0.0 0.5  
PutBox 97 98 0 3 56 61 1.0 1.0 0.0 0.5
PutBox 97 98 0 3 129 133 1.0 1.0 0.0 0.5    
PutBox 49 50 0 3 62 76 0.0 0.0 1.0 0.5 
PutBox 49 50 0 3 105 119 0.0 0.0 1.0 0.5  
PutBox 51 71 0 3 49 50 1.0 0.6 0.0 0.5
PutBox 76 95 0 3 142 143 1.0 0.6 0.0 0.5   
PutBox 76 95 0 3 49 50 0.6 0.8 0.9 0.8 
PutBox 51 71 0 3 142 143 0.6 0.8 0.9 0.8  
PutBox 97 98 0 3 81 110 0.0 0.0 0.0 0.0 
PutBox 97 98 0 3 61 81 1.0 0.0 0.0 0.5  
PutBox 97 98 0 3 110 129 1.0 0.0 0.0 0.5
PutBox 19 45 1 8 82 108 1.0 1.0 0.0 0.5
CutBox 40 45 1 6 84 89  
CutBox 40 45 1 6 93 98   
CutBox 40 45 1 6 102 106   
PutBox 19 45 8 15 82 108 1.0 0.0 0.0 0.5
CutBox 40 45 10 13 85 93   
CutBox 40 45 10 13 97 105    
PutBox 19 45 15 20 82 108 0.0 0.0 0.0 0.0  
CutBox 40 45 17 18 85 105 
PutBox 102 151 0 1 41 151 0.8 0.8 0.8 0.8
PutBox 107 146 1 30 51 141 0.4 0.4 0.4 0.4
CutBox 107 111 1 30 51 141  
CutBox 111 114 4 30 51 141  
CutBox 114 118 7 30 51 141  
CutBox 118 122 10 30 51 141  
CutBox 122 126 13 30 51 141  
CutBox 126 130 16 30 51 141  
CutBox 130 134 19 30 51 141  
CutBox 134 138 22 30 51 141  
CutBox 138 142 25 30 51 141  
CutBox 142 146 28 30 51 141
PutBox 102 103 1 6 37 155 0.8 0.8 0.8 0.8 
PutBox 102 103 6 20 39 40 0.8 0.8 0.8 0.8
PutBox 102 103 6 20 58 59 0.8 0.8 0.8 0.8
PutBox 102 103 6 20 77 78 0.8 0.8 0.8 0.8
PutBox 102 103 6 20 96 97 0.8 0.8 0.8 0.8
PutBox 102 103 6 20 114 115 0.8 0.8 0.8 0.8
PutBox 102 103 6 20 133 134 0.8 0.8 0.8 0.8
PutBox 102 103 6 20 152 153 0.8 0.8 0.8 0.8
PutBox 14 161 0 3 36 37 1.0 1.0 0.0 0.5  
PutBox 14 161 0 3 155 156 1.0 1.0 0.0 0.5  
PutBox 14 15 0 3 37 155 1.0 1.0 0.0 0.5 
PutBox 160 161 0 3 37 155 1.0 1.0 0.0 0.5  
PutBox 14 161 3 6 36 37 1.0 0.0 0.0 0.5   
PutBox 14 161 3 6 155 156 1.0 0.0 0.0 0.5  
PutBox 14 15 3 6 37 155 1.0 0.0 0.0 0.5 
PutBox 160 161 3 6 37 155 1.0 0.0 0.0 0.5   
PutBox 14 161 6 9 36 37 0.0 0.0 0.0 0.0 
PutBox 14 161 6 9 155 156 0.0 0.0 0.0 0.0   
PutBox 14 15 6 9 37 155 0.0 0.0 0.0 0.0  
PutBox 160 161 6 9 37 155 0.0 0.0 0.0 0.0    
PutBox 51 53 0 1 52 53 1.0 1.0 1.0 1.0  
PutBox 94 96 0 1 52 53 1.0 1.0 1.0 1.0
PutBox 52 53 0 1 51 52 1.0 1.0 1.0 1.0
PutBox 94 95 0 1 51 52 1.0 1.0 1.0 1.0
PutBox 51 53 0 1 139 140 1.0 1.0 1.0 1.0 
PutBox 94 96 0 1 139 140 1.0 1.0 1.0 1.0
PutBox 52 53 0 1 140 141 1.0 1.0 1.0 1.0
PutBox 94 95 0 1 140 141 1.0 1.0 1.0 1.0
PutBox 150 151 1 50 50 51 0.4 0.4 0.4 0.4 
PutBox 150 151 40 50 48 53 0.4 0.4 0.4 0.4
PutBox 150 151 1 50 72 73 0.4 0.4 0.4 0.4
PutBox 150 151 40 50 70 75 0.4 0.4 0.4 0.4
PutBox 150 151 1 50 96 97 0.4 0.4 0.4 0.4
PutBox 150 151 40 50 94 99 0.4 0.4 0.4 0.4
PutBox 150 151 1 50 118 119 0.4 0.4 0.4 0.4
PutBox 150 151 40 50 116 121 0.4 0.4 0.4 0.4
PutBox 150 151 1 50 140 141 0.4 0.4 0.4 0.4
PutBox 150 151 40 50 138 143 0.4 0.4 0.4 0.4
PutBox 101 102 1 3 48 59 1.0 0.0 0.0 0.5  
PutBox 100 101 1 2 48 59 1.0 0.0 0.0 0.5 
PutBox 101 102 1 3 133 144 1.0 0.0 0.0 0.5   
PutBox 100 101 1 2 133 144 1.0 0.0 0.0 0.5     
PutBox 100 102 4 5 48 59 0.8 0.8 0.8 0.8  
PutBox 100 102 4 5 133 144 0.8 0.8 0.8 0.8  
PutBox 98 99 1 2 48 59 0.8 0.8 0.8 0.8  
PutBox 98 99 1 2 133 144 0.8 0.8 0.8 0.8  